geoid/ascii _raster_file/ascigrid.asc
ncols        210
nrows        370
xllcorner    42.395833333333
yllcorner    -26.854166666667
cellsize     0.041666666667
NODATA_value  -32767
[rows 323 to 339 of 370, columns 117 to 155 of 210]
6.43967437744140625 6.4817709922790527344 6.4396162033081054688 6.2848315238952636719 6.0306496620178222656 5.7109341621398925781 5.3593363761901855469 5.0070409774780273438 4.6829123497009277344 4.4030818939208984375 4.1638340950012207031 3.9523823261260986328 3.7633903026580810547 3.5997908115386962891 3.4602258205413818359 3.3345739841461181641 3.2144362926483154297 3.1013314723968505859 2.9994103908538818359 2.9041876792907714844 2.8052315711975097656 2.6994559764862060547 2.59539794921875 2.5017728805541992188 2.4160873889923095703 2.3287296295166015625 2.2364528179168701172 2.1471829414367675781 2.0705974102020263672 2.0070500373840332031 1.9476603269577026367 1.883383631706237793 1.811547398567199707 1.7344323396682739258 1.6551033258438110352 1.5769916772842407227 1.5062328577041625977 1.4508179426193237305 1.4146312475204467773
6.5376634597778320313 6.5431675910949707031 6.4581584930419921875 6.2625899314880371094 5.9753103256225585938 5.6326441764831542969 5.2699489593505859375 4.9195079803466796875 4.6082472801208496094 4.3468961715698242188 4.1263804435729980469 3.9320414066314697266 3.7593758106231689453 3.6114227771759033203 3.4849398136138916016 3.3681008815765380859 3.2530763149261474609 3.1434226036071777344 3.0446491241455078125 2.9524157047271728516 2.8563101291656494141 2.7536485195159912109 2.6531343460083007813 2.5632827281951904297 2.4818980693817138672 2.4002873897552490234 2.3152158260345458984 2.2325675487518310547 2.1592803001403808594 2.0947506427764892578 2.0313251018524169922 1.9614309072494506836 1.8829115629196166992 1.7987550497055053711 1.7139497995376586914 1.6335109472274780273 1.5626447200775146484 1.5068991184234619141 1.4697540998458862305
6.6292319297790527344 6.5917911529541015625 6.4586858749389648438 6.21974945068359375 5.9014844894409179688 5.5436596870422363281 5.1808614730834960938 4.84075927734375 4.5437178611755371094 4.2958087921142578125 4.0877089500427246094 3.9069516658782958984 3.7494733333587646484 3.6158893108367919922 3.5006690025329589844 3.3923397064208984375 3.2846064567565917969 3.1810157299041748047 3.0859837532043457031 2.9958651065826416016 2.9031264781951904297 2.8067600727081298828 2.7135469913482666016 2.6289780139923095703 2.5509572029113769531 2.4738686084747314453 2.3958530426025390625 2.3196406364440917969 2.2475328445434570313 2.1777527332305908203 2.1054899692535400391 2.0263109207153320313 1.939211726188659668 1.848046422004699707 1.760060429573059082 1.6817976236343383789 1.6162515878677368164 1.5645227432250976563 1.5286599397659301758
6.7201442718505859375 6.6310362815856933594 6.4427747726440429688 6.1580533981323242188 5.8129253387451171875 5.4497919082641601563 5.098163604736328125 4.7753853797912597656 4.4923839569091796875 4.2527647018432617188 4.0516529083251953125 3.8813207149505615234 3.7371127605438232422 3.6155664920806884766 3.5095195770263671875 3.4098155498504638672 3.3118052482604980469 3.2166728973388671875 3.1258485317230224609 3.0374076366424560547 2.9492537975311279297 2.8627340793609619141 2.7804391384124755859 2.7020390033721923828 2.6249489784240722656 2.5482630729675292969 2.4733250141143798828 2.4004006385803222656 2.3271627426147460938 2.2508704662322998047 2.1699080467224121094 2.0828173160552978516 1.9889162778854370117 1.8920625448226928711 1.801581263542175293 1.726153254508972168 1.667376399040222168 1.6221369504928588867 1.5903855562210083008
6.8016204833984375 6.6535801887512207031 6.4077472686767578125 6.0805263519287109375 5.7157430648803710938 5.3552250862121582031 5.0203371047973632813 4.7166738510131835938 4.4466619491577148438 4.2137460708618164063 4.0190219879150390625 3.8591177463531494141 3.7276585102081298828 3.6170885562896728516 3.5198161602020263672 3.4296503067016601563 3.3425614833831787109 3.2558085918426513672 3.1676964759826660156 3.0795576572418212891 2.9962496757507324219 2.9214429855346679688 2.8521361351013183594 2.7806155681610107422 2.7029006481170654297 2.6227557659149169922 2.5456857681274414063 2.4713897705078125 2.3949074745178222656 2.31336212158203125 2.2275347709655761719 2.1372842788696289063 2.0407152175903320313 1.9405907392501831055 1.8477560281753540039 1.7735849618911743164 1.7201708555221557617 1.682084202766418457 1.657010197639465332
6.8588733673095703125 6.6532802581787109375 6.3579468727111816406 5.9993205070495605469 5.6236314773559570313 5.2687540054321289063 4.9485831260681152344 4.6607255935668945313 4.4027304649353027344 4.1785564422607421875 3.9930508136749267578 3.8448269367218017578 3.7256968021392822266 3.6257240772247314453 3.5379021167755126953 3.4580886363983154297 3.3815050125122070313 3.3016326427459716797 3.2150120735168457031 3.1267907619476318359 3.0478250980377197266 2.9832949638366699219 2.9254312515258789063 2.86053466796875 2.7829403877258300781 2.6990261077880859375 2.6171956062316894531 2.5380105972290039063 2.45664215087890625 2.3713133335113525391 2.2841231822967529297 2.1946384906768798828 2.0990719795227050781 1.998713374137878418 1.9049507379531860352 1.8312698602676391602 1.781682133674621582 1.7509959936141967773 1.7351547479629516602
6.8858060836791992188 6.6342077255249023438 6.3062276840209960938 5.9318280220031738281 5.5537748336791992188 5.2043099403381347656 4.893218994140625 4.6157932281494140625 4.3682355880737304688 4.1540455818176269531 3.9783675670623779297 3.8400399684906005859 3.7306010723114013672 3.6400163173675537109 3.5617451667785644531 3.4917187690734863281 3.4239118099212646484 3.3502430915832519531 3.2673852443695068359 3.1825282573699951172 3.1083595752716064453 3.0498721599578857422 2.9976961612701416016 2.9368460178375244141 2.8611621856689453125 2.7766258716583251953 2.6913671493530273438 2.6068072319030761719 2.5202789306640625 2.4319891929626464844 2.3444545269012451172 2.2564296722412109375 2.1632339954376220703 2.0654561519622802734 1.9737993478775024414 1.9019354581832885742 1.8559881448745727539 1.8334125280380249023 1.8297029733657836914
6.8838739395141601563 6.6016559600830078125 6.25908660888671875 5.8841958045959472656 5.5125670433044433594 5.1702084541320800781 4.8652014732360839844 4.5940227508544921875 4.3534336090087890625 4.1457948684692382813 3.9752147197723388672 3.8413355350494384766 3.7377040386199951172 3.6552031040191650391 3.585887908935546875 3.5234282016754150391 3.4613840579986572266 3.39377593994140625 3.3192462921142578125 3.2437403202056884766 3.1760838031768798828 3.1190171241760253906 3.0654191970825195313 3.0046923160552978516 2.9321794509887695313 2.8509945869445800781 2.7658574581146240234 2.6782824993133544922 2.5884540081024169922 2.4983756542205810547 2.4099969863891601563 2.3215632438659667969 2.2296183109283447266 2.1357240676879882813 2.0490832328796386719 1.9813197851181030273 1.9398683309555053711 1.926304936408996582 1.9371458292007446289
6.8524427413940429688 6.5519886016845703125 6.2082924842834472656 5.8452386856079101563 5.4897952079772949219 5.1606669425964355469 4.8636875152587890625 4.5968294143676757813 4.3583626747131347656 4.1507220268249511719 3.9785802364349365234 3.8443901538848876953 3.7449729442596435547 3.6711547374725341797 3.6107890605926513672 3.5534465312957763672 3.4936480522155761719 3.4307880401611328125 3.3668334484100341797 3.304050445556640625 3.2436327934265136719 3.1849560737609863281 3.1256525516510009766 3.0627925395965576172 2.9942622184753417969 2.9191372394561767578 2.8374326229095458984 2.7503919601440429688 2.6606860160827636719 2.5708935260772705078 2.481197357177734375 2.3897097110748291016 2.2961883544921875 2.2050790786743164063 2.1244084835052490234 2.0626530647277832031 2.02732086181640625 2.0236620903015136719 2.0495176315307617188
6.7888913154602050781 6.4791011810302734375 6.143131256103515625 5.8004808425903320313 5.469203948974609375 5.1595177650451660156 4.8734884262084960938 4.610088348388671875 4.3702807426452636719 4.1588230133056640625 3.9829895496368408203 3.8488390445709228516 3.7557437419891357422 3.6928193569183349609 3.6422989368438720703 3.5893962383270263672 3.5303461551666259766 3.4706375598907470703 3.4155571460723876953 3.3634150028228759766 3.3080792427062988281 3.2464096546173095703 3.1812250614166259766 3.1167826652526855469 3.0528643131256103516 2.9846620559692382813 2.9082403182983398438 2.8247377872467041016 2.7383053302764892578 2.6506779193878173828 2.5595586299896240234 2.4631798267364501953 2.3653421401977539063 2.2745776176452636719 2.1991465091705322266 2.1450822353363037109 2.1187424659729003906 2.1262249946594238281 2.1647469997406005859
6.6953611373901367188 6.3854660987854003906 6.0641045570373535156 5.7457780838012695313 5.4400391578674316406 5.1494779586791992188 4.8733296394348144531 4.61264801025390625 4.3723587989807128906 4.1604113578796386719 3.9862201213836669922 3.8574988842010498047 3.7740490436553955078 3.7228596210479736328 3.6822669506072998047 3.6351182460784912109 3.5792112350463867188 3.5237181186676025391 3.4752471446990966797 3.4291272163391113281 3.3751740455627441406 3.3099443912506103516 3.2404408454895019531 3.1754255294799804688 3.1154372692108154297 3.0531289577484130859 2.9822630882263183594 2.9036810398101806641 2.8216073513031005859 2.7364189624786376953 2.6441249847412109375 2.5434863567352294922 2.4414894580841064453 2.3501932621002197266 2.2794885635375976563 2.2349567413330078125 2.2210917472839355469 2.2407321929931640625 2.2868382930755615234
6.5786342620849609375 6.2795033454895019531 5.9786009788513183594 5.6839261054992675781 5.3980588912963867188 5.1197614669799804688 4.8492956161499023438 4.591949462890625 4.3567004203796386719 4.1531147956848144531 3.9898788928985595703 3.8729622364044189453 3.8005130290985107422 3.7585413455963134766 3.7254502773284912109 3.6851804256439208984 3.6367275714874267578 3.5891945362091064453 3.5474195480346679688 3.5045349597930908203 3.4496669769287109375 3.3809020519256591797 3.3078634738922119141 3.2413284778594970703 3.1824851036071777344 3.1235725879669189453 3.0573298931121826172 2.9831945896148681641 2.9040830135345458984 2.8199608325958251953 2.7275743484497070313 2.6267857551574707031 2.5252823829650878906 2.4359269142150878906 2.3704037666320800781 2.3359949588775634766 2.3356621265411376953 2.3660109043121337891 2.4127137660980224609
6.4458069801330566406 6.1666784286499023438 5.8900051116943359375 5.6163926124572753906 5.3440051078796386719 5.0723347663879394531 4.8062167167663574219 4.5558452606201171875 4.3325834274291992188 4.1451969146728515625 3.9993331432342529297 3.8972265720367431641 3.8344571590423583984 3.7973678112030029297 3.7677085399627685547 3.7333128452301025391 3.6942498683929443359 3.6569216251373291016 3.6222684383392333984 3.5817322731018066406 3.5256345272064208984 3.4540355205535888672 3.3775556087493896484 3.3075892925262451172 3.2467789649963378906 3.1888630390167236328 3.1259911060333251953 3.0547943115234375 2.976165771484375 2.8915197849273681641 2.8011090755462646484 2.7061526775360107422 2.6118974685668945313 2.5283052921295166016 2.4677093029022216797 2.4404449462890625 2.4493000507354736328 2.48465728759765625 2.5247550010681152344
6.3061351776123046875 6.0509424209594726563 5.79925537109375 5.5454831123352050781 5.2859435081481933594 5.0230879783630371094 4.76642608642578125 4.5289912223815917969 4.3220801353454589844 4.1525692939758300781 4.0234608650207519531 3.9340574741363525391 3.8779027462005615234 3.8421785831451416016 3.8127167224884033203 3.7817018032073974609 3.7498948574066162109 3.7202308177947998047 3.6897723674774169922 3.6493642330169677734 3.5915439128875732422 3.5180251598358154297 3.4390428066253662109 3.3656492233276367188 3.3022098541259765625 3.2446699142456054688 3.1846160888671875 3.115406036376953125 3.0361170768737792969 2.9508712291717529297 2.8645496368408203125 2.7793002128601074219 2.6959474086761474609 2.6193149089813232422 2.5610911846160888672 2.534671783447265625 2.5440008640289306641 2.575832366943359375 2.6040403842926025391
6.1749582290649414063 5.9423007965087890625 5.71360015869140625 5.4801607131958007813 5.2381596565246582031 4.9922490119934082031 4.7537808418273925781 4.5354032516479492188 4.3464608192443847656 4.1920857429504394531 4.0742902755737304688 3.9915616512298583984 3.9370577335357666016 3.8994109630584716797 3.8679120540618896484 3.8376605510711669922 3.8089015483856201172 3.7811419963836669922 3.7489578723907470703 3.7043936252593994141 3.6432259082794189453 3.5686562061309814453 3.4895584583282470703 3.4154284000396728516 3.3513166904449462891 3.2949306964874267578 3.2377865314483642578 3.1710975170135498047 3.0927979946136474609 3.0090239048004150391 2.9277460575103759766 2.8512387275695800781 2.7765953540802001953 2.7044751644134521484 2.6454691886901855469 2.6144738197326660156 2.6164383888244628906 2.6375038623809814453 2.6516427993774414063
6.0701098442077636719 5.8565731048583984375 5.6475653648376464844 5.434665679931640625 5.2147889137268066406 4.9931211471557617188 4.7803058624267578125 4.5866842269897460938 4.4185490608215332031 4.2785067558288574219 4.1672649383544921875 4.0834641456604003906 4.0222277641296386719 3.9759309291839599609 3.9378278255462646484 3.9045579433441162109 3.8743231296539306641 3.8431828022003173828 3.8045971393585205078 3.7531797885894775391 3.6883819103240966797 3.6145570278167724609 3.5384621620178222656 3.4668018817901611328 3.4038414955139160156 3.34851837158203125 3.2936456203460693359 3.2305226325988769531 3.1564371585845947266 3.0771191120147705078 3.0004696846008300781 2.9284999370574951172 2.8576378822326660156 2.7876601219177246094 2.7280559539794921875 2.6923568248748779297 2.6846506595611572266 2.6922032833099365234 2.6926250457763671875
6.0055875778198242188 5.8094549179077148438 5.6179132461547851563 5.4248504638671875 5.2284069061279296875 5.0338392257690429688 4.8508868217468261719 4.6876497268676757813 4.5463175773620605469 4.4240999221801757813 4.3173241615295410156 4.2242078781127929688 4.1445550918579101563 4.0783061981201171875 4.0247259140014648438 3.9817283153533935547 3.9447615146636962891 3.9068448543548583984 3.8612601757049560547 3.8050944805145263672 3.7400915622711181641 3.6702907085418701172 3.5996506214141845703 3.5317347049713134766 3.4695236682891845703 3.4132401943206787109 3.3584635257720947266 3.2985637187957763672 3.2304394245147705078 3.1572248935699462891 3.0844213962554931641 3.0142295360565185547 2.9455230236053466797 2.8796525001525878906 2.8241648674011230469 2.7882249355316162109 2.7732486724853515625 2.7684409618377685547 2.7566037178039550781
