geoid/ascii _raster_file/ascigrid.asc
ncols        210
nrows        370
xllcorner    42.395833333333
yllcorner    -26.854166666667
cellsize     0.041666666667
NODATA_value  -32767
[rows 187 to 203 of 370, columns 0 to 38 of 210]
-9.313045501708984375 -9.1681585311889648438 -9.04349517822265625 -8.9454908370971679688 -8.8820819854736328125 -8.8570766448974609375 -8.8671083450317382813 -8.9037189483642578125 -8.9598932266235351563 -9.0345897674560546875 -9.1292734146118164063 -9.2402400970458984375 -9.3569192886352539063 -9.468700408935546875 -9.5708770751953125 -9.6621227264404296875 -9.7390117645263671875 -9.797298431396484375 -9.83819580078125 -9.8690166473388671875 -9.8955984115600585938 -9.9165983200073242188 -9.9271526336669921875 -9.9257783889770507813 -9.9148626327514648438 -9.8958911895751953125 -9.8678045272827148438 -9.82993316650390625 -9.783145904541015625 -9.7270059585571289063 -9.6584253311157226563 -9.574329376220703125 -9.4730691909790039063 -9.3519001007080078125 -9.2074422836303710938 -9.0440111160278320313 -8.8805103302001953125 -8.74253082275390625 -8.643413543701171875
-9.24736785888671875 -9.099575042724609375 -8.972522735595703125 -8.8741083145141601563 -8.8111772537231445313 -8.78515625 -8.7916355133056640625 -8.8231220245361328125 -8.8734760284423828125 -8.9409809112548828125 -9.0267047882080078125 -9.1293163299560546875 -9.2422704696655273438 -9.356548309326171875 -9.4647569656372070313 -9.561336517333984375 -9.6407556533813476563 -9.6993570327758789063 -9.7399053573608398438 -9.7712469100952148438 -9.8006296157836914063 -9.8270254135131835938 -9.8435611724853515625 -9.8455286026000976563 -9.8338155746459960938 -9.8113555908203125 -9.77936553955078125 -9.7378587722778320313 -9.686893463134765625 -9.6252536773681640625 -9.54970550537109375 -9.4576597213745117188 -9.3493051528930664063 -9.225078582763671875 -9.08339691162109375 -8.92594146728515625 -8.7659702301025390625 -8.6260776519775390625 -8.5225057601928710938
-9.1890726089477539063 -9.0393171310424804688 -8.9128551483154296875 -8.8171949386596679688 -8.756786346435546875 -8.730106353759765625 -8.7315120697021484375 -8.7549152374267578125 -8.7964887619018554688 -8.855373382568359375 -8.9321613311767578125 -9.025920867919921875 -9.1322021484375 -9.2438488006591796875 -9.35318756103515625 -9.4528417587280273438 -9.5357189178466796875 -9.5973691940307617188 -9.6401300430297851563 -9.6731290817260742188 -9.7051067352294921875 -9.736454010009765625 -9.7596044540405273438 -9.7672681808471679688 -9.7586011886596679688 -9.7370767593383789063 -9.7048511505126953125 -9.6611108779907226563 -9.6043567657470703125 -9.53380584716796875 -9.4489116668701171875 -9.3495941162109375 -9.2367525100708007813 -9.1105632781982421875 -8.9690256118774414063 -8.8124589920043945313 -8.6515836715698242188 -8.5074949264526367188 -8.3982095718383789063
-9.1356801986694335938 -8.9861660003662109375 -8.8624019622802734375 -8.7697458267211914063 -8.7104644775390625 -8.6816034317016601563 -8.6771402359008789063 -8.691967010498046875 -8.724071502685546875 -8.773845672607421875 -8.8419322967529296875 -8.9272174835205078125 -9.0258855819702148438 -9.1318941116333007813 -9.2382764816284179688 -9.3378915786743164063 -9.4236593246459960938 -9.4903306961059570313 -9.5381994247436523438 -9.5744447708129882813 -9.607982635498046875 -9.6412973403930664063 -9.66826629638671875 -9.6809368133544921875 -9.6771802902221679688 -9.6603336334228515625 -9.6326341629028320313 -9.5915470123291015625 -9.5327768325805664063 -9.45489501953125 -9.3603277206420898438 -9.25307464599609375 -9.1358089447021484375 -9.0075540542602539063 -8.8641357421875 -8.7042741775512695313 -8.5380010604858398438 -8.386829376220703125 -8.2705593109130859375
-9.0825204849243164063 -8.9359827041625976563 -8.8160066604614257813 -8.7246694564819335938 -8.66320037841796875 -8.6297502517700195313 -8.61940765380859375 -8.6271219253540039063 -8.6506052017211914063 -8.6905622482299804688 -8.7486362457275390625 -8.8250446319580078125 -8.9170475006103515625 -9.0187826156616210938 -9.1226472854614257813 -9.2211856842041015625 -9.3080568313598632813 -9.37862396240234375 -9.4318637847900390625 -9.47220611572265625 -9.5072088241577148438 -9.5409479141235351563 -9.5699138641357421875 -9.5869321823120117188 -9.5887317657470703125 -9.5777130126953125 -9.5561065673828125 -9.5206098556518554688 -9.46440887451171875 -9.3838033676147460938 -9.2818841934204101563 -9.1660747528076171875 -9.0421781539916992188 -8.90962982177734375 -8.7624225616455078125 -8.5973567962646484375 -8.4239826202392578125 -8.2648191452026367188 -8.141338348388671875
-9.0255498886108398438 -8.88234710693359375 -8.7652587890625 -8.673168182373046875 -8.6070394515991210938 -8.567462921142578125 -8.5514879226684570313 -8.553508758544921875 -8.5693511962890625 -8.598995208740234375 -8.6457300186157226563 -8.7129106521606445313 -8.8002653121948242188 -8.9018125534057617188 -9.007305145263671875 -9.1066026687622070313 -9.1932172775268554688 -9.2645349502563476563 -9.32071685791015625 -9.3648214340209960938 -9.4024000167846679688 -9.4377794265747070313 -9.4697103500366210938 -9.4922075271606445313 -9.500522613525390625 -9.4948883056640625 -9.4771852493286132813 -9.445159912109375 -9.3919811248779296875 -9.3121461868286132813 -9.2072162628173828125 -9.0853033065795898438 -8.9544076919555664063 -8.8153972625732421875 -8.6619863510131835938 -8.4901151657104492188 -8.309238433837890625 -8.142612457275390625 -8.0125627517700195313
-8.9636945724487304688 -8.8210992813110351563 -8.7041988372802734375 -8.609996795654296875 -8.5390768051147460938 -8.4934797286987304688 -8.4716320037841796875 -8.4677143096923828125 -8.4763278961181640625 -8.4968891143798828125 -8.5338220596313476563 -8.5930767059326171875 -8.6770181655883789063 -8.7803096771240234375 -8.89031982421875 -8.9931306838989257813 -9.0804319381713867188 -9.1512126922607421875 -9.2083530426025390625 -9.2554607391357421875 -9.29637908935546875 -9.3344259262084960938 -9.3696794509887695313 -9.3977632522583007813 -9.4130001068115234375 -9.412631988525390625 -9.3967924118041992188 -9.3645257949829101563 -9.3115758895874023438 -9.2333898544311523438 -9.1302165985107421875 -9.0082197189331054688 -8.8742952346801757813 -8.7292346954345703125 -8.56745147705078125 -8.386287689208984375 -8.1967792510986328125 -8.022830963134765625 -7.8862514495849609375
-8.8990316390991210938 -8.7542581558227539063 -8.6351032257080078125 -8.5384521484375 -8.4640750885009765625 -8.4132432937622070313 -8.3842992782592773438 -8.372356414794921875 -8.3735475540161132813 -8.3881750106811523438 -8.4200906753540039063 -8.4742527008056640625 -8.5535917282104492188 -8.65496063232421875 -8.7670621871948242188 -8.8744792938232421875 -8.96598052978515625 -9.0393962860107421875 -9.0989284515380859375 -9.1493902206420898438 -9.1936511993408203125 -9.2333612442016601563 -9.2691020965576171875 -9.2990732192993164063 -9.3189783096313476563 -9.3241281509399414063 -9.3113660812377929688 -9.2788381576538085938 -9.2248477935791015625 -9.1481990814208984375 -9.0499429702758789063 -8.9335994720458984375 -8.8018846511840820313 -8.6528720855712890625 -8.4816646575927734375 -8.2891931533813476563 -8.09004974365234375 -7.90869903564453125 -7.7647643089294433594
-8.8343515396118164063 -8.6875181198120117188 -8.5656890869140625 -8.4667301177978515625 -8.3897228240966796875 -8.3338308334350585938 -8.2962369918823242188 -8.274013519287109375 -8.2674770355224609375 -8.2793731689453125 -8.3112030029296875 -8.3626880645751953125 -8.4342889785766601563 -8.5264272689819335938 -8.6341753005981445313 -8.7449750900268554688 -8.8447113037109375 -8.9264612197875976563 -8.9924287796020507813 -9.0481166839599609375 -9.0963964462280273438 -9.13720703125 -9.1705389022827148438 -9.1974020004272460938 -9.2175312042236328125 -9.2271966934204101563 -9.2201671600341796875 -9.1911344528198242188 -9.1384525299072265625 -9.064105987548828125 -8.97145843505859375 -8.8622989654541015625 -8.7345104217529296875 -8.5823431015014648438 -8.4015626907348632813 -8.19775390625 -7.9897961616516113281 -7.8020267486572265625 -7.6502594947814941406
-8.7700529098510742188 -8.6236867904663085938 -8.5005140304565429688 -8.3992395401000976563 -8.3190851211547851563 -8.2578592300415039063 -8.211711883544921875 -8.1795215606689453125 -8.1658754348754882813 -8.1761989593505859375 -8.20928192138671875 -8.2582273483276367188 -8.31954193115234375 -8.3974008560180664063 -8.4957304000854492188 -8.607822418212890625 -8.7174587249755859375 -8.810943603515625 -8.886013031005859375 -8.948421478271484375 -9.0023365020751953125 -9.0464887619018554688 -9.0787982940673828125 -9.1013669967651367188 -9.118412017822265625 -9.1297636032104492188 -9.1283845901489257813 -9.1054010391235351563 -9.0571346282958984375 -8.9867095947265625 -8.8991975784301757813 -8.7954282760620117188 -8.6697301864624023438 -8.5135736465454101563 -8.3238086700439453125 -8.1103487014770507813 -7.8955717086791992188 -7.7028679847717285156 -7.54361724853515625
-8.7038030624389648438 -8.560367584228515625 -8.43764495849609375 -8.3339977264404296875 -8.2497262954711914063 -8.1835794448852539063 -8.1318883895874023438 -8.09384918212890625 -8.07529449462890625 -8.082759857177734375 -8.1138582229614257813 -8.1581144332885742188 -8.2094907760620117188 -8.2745389938354492188 -8.3638095855712890625 -8.4758062362670898438 -8.5932798385620117188 -8.6968107223510742188 -8.7797174453735351563 -8.8479824066162109375 -8.9079456329345703125 -8.9581041336059570313 -8.9936676025390625 -9.015350341796875 -9.029567718505859375 -9.0397310256958007813 -9.040302276611328125 -9.0213174819946289063 -8.9776458740234375 -8.912097930908203125 -8.8296766281127929688 -8.72994232177734375 -8.6050653457641601563 -8.4453334808349609375 -8.2487430572509765625 -8.0279979705810546875 -7.8075242042541503906 -7.6099500656127929688 -7.4434409141540527344
-8.6334590911865234375 -8.4941949844360351563 -8.373439788818359375 -8.2677707672119140625 -8.178951263427734375 -8.1090097427368164063 -8.0560541152954101563 -8.017848968505859375 -7.9972658157348632813 -7.9994897842407226563 -8.023403167724609375 -8.0604944229125976563 -8.1054162979125976563 -8.164676666259765625 -8.2497797012329101563 -8.361011505126953125 -8.48155975341796875 -8.5900859832763671875 -8.6775407791137695313 -8.7494955062866210938 -8.8135814666748046875 -8.8689012527465820313 -8.90933990478515625 -8.9337148666381835938 -8.9478807449340820313 -8.9563159942626953125 -8.9551448822021484375 -8.9358110427856445313 -8.8940181732177734375 -8.8324823379516601563 -8.75494384765625 -8.6591558456420898438 -8.5360279083251953125 -8.3755855560302734375 -8.1760969161987304688 -7.9506583213806152344 -7.7242760658264160156 -7.520069122314453125 -7.3456654548645019531
-8.5594720840454101563 -8.42491912841796875 -8.307102203369140625 -8.200054168701171875 -8.1068220138549804688 -8.033771514892578125 -7.9818868637084960938 -7.9467840194702148438 -7.9258584976196289063 -7.9212207794189453125 -7.93473052978515625 -7.9641427993774414063 -8.0074300765991210938 -8.0686893463134765625 -8.1547565460205078125 -8.2642107009887695313 -8.3825693130493164063 -8.4913806915283203125 -8.5817546844482421875 -8.657115936279296875 -8.7234354019165039063 -8.7801828384399414063 -8.8225841522216796875 -8.8497781753540039063 -8.866298675537109375 -8.8749895095825195313 -8.8718805313110351563 -8.8502950668334960938 -8.8081579208374023438 -8.7486619949340820313 -8.6741170883178710938 -8.5808038711547851563 -8.4596014022827148438 -8.3010272979736328125 -8.102458953857421875 -7.8748264312744140625 -7.64211273193359375 -7.4290003776550292969 -7.2452597618103027344
-8.4836254119873046875 -8.3540554046630859375 -8.2392511367797851563 -8.1313810348510742188 -8.0345487594604492188 -7.9586658477783203125 -7.9073114395141601563 -7.8745427131652832031 -7.8529748916625976563 -7.8417515754699707031 -7.84566497802734375 -7.8692612648010253906 -7.9142913818359375 -7.9813857078552246094 -8.0702075958251953125 -8.1760931015014648438 -8.2884159088134765625 -8.3950834274291992188 -8.4892444610595703125 -8.5705404281616210938 -8.6400041580200195313 -8.6960763931274414063 -8.7369709014892578125 -8.7648220062255859375 -8.7840251922607421875 -8.7950286865234375 -8.7924203872680664063 -8.7704954147338867188 -8.7288045883178710938 -8.67044830322265625 -8.59619903564453125 -8.5018815994262695313 -8.3801794052124023438 -8.223384857177734375 -8.0275354385375976563 -7.7994632720947265625 -7.5602998733520507813 -7.33612823486328125 -7.1404881477355957031
-8.4059972763061523438 -8.2810430526733398438 -8.1683864593505859375 -8.0604677200317382813 -7.9625024795532226563 -7.8855061531066894531 -7.8336100578308105469 -7.8004355430603027344 -7.7770628929138183594 -7.7614016532897949219 -7.7595577239990234375 -7.7798495292663574219 -7.8264713287353515625 -7.8975739479064941406 -7.9871630668640136719 -8.08788299560546875 -8.1929597854614257813 -8.2970705032348632813 -8.3960771560668945313 -8.4857463836669921875 -8.56101226806640625 -8.617900848388671875 -8.6570672988891601563 -8.6841869354248046875 -8.7046842575073242188 -8.7177762985229492188 -8.7171640396118164063 -8.69766998291015625 -8.6591424942016601563 -8.6031980514526367188 -8.5285463333129882813 -8.4312448501586914063 -8.3071012496948242188 -8.1512613296508789063 -7.95861053466796875 -7.7310137748718261719 -7.4852175712585449219 -7.2475910186767578125 -7.03603363037109375
-8.324192047119140625 -8.20247650146484375 -8.090667724609375 -7.9841437339782714844 -7.8893322944641113281 -7.8151144981384277344 -7.7631983757019042969 -7.7277383804321289063 -7.7022199630737304688 -7.6855187416076660156 -7.68271636962890625 -7.7014603614807128906 -7.7466025352478027344 -7.8163857460021972656 -7.9032034873962402344 -7.9986310005187988281 -8.0980825424194335938 -8.2004995346069335938 -8.3037691116333007813 -8.4011583328247070313 -8.483036041259765625 -8.5429105758666992188 -8.5822324752807617188 -8.6086940765380859375 -8.628810882568359375 -8.6420564651489257813 -8.6427249908447265625 -8.6264333724975585938 -8.5926151275634765625 -8.5407476425170898438 -8.4674558639526367188 -8.36914825439453125 -8.2445058822631835938 -8.0911378860473632813 -7.9027757644653320313 -7.6764626502990722656 -7.4240736961364746094 -7.171192169189453125 -6.9399194717407226563
-8.2358789443969726563 -8.1151027679443359375 -8.002758026123046875 -7.8990073204040527344 -7.8111600875854492188 -7.7432932853698730469 -7.6925563812255859375 -7.6545724868774414063 -7.6281819343566894531 -7.614582061767578125 -7.6156401634216308594 -7.6346597671508789063 -7.6758265495300292969 -7.7399663925170898438 -7.8217282295227050781 -7.9131751060485839844 -8.0099277496337890625 -8.1119070053100585938 -8.2176523208618164063 -8.3194637298583984375 -8.4056835174560546875 -8.4683132171630859375 -8.5085115432739257813 -8.5344524383544921875 -8.5534343719482421875 -8.5659914016723632813 -8.5674810409545898438 -8.5538787841796875 -8.523822784423828125 -8.4754247665405273438 -8.4046077728271484375 -8.3084688186645507813 -8.187191009521484375 -8.039093017578125 -7.8563489913940429688 -7.6321635246276855469 -7.3742885589599609375 -7.1069750785827636719 -6.8555660247802734375
