geoid/ascii _raster_file/ascigrid.asc
ncols        210
nrows        370
xllcorner    42.395833333333
yllcorner    -26.854166666667
cellsize     0.041666666667
NODATA_value  -32767
[rows 136 to 152 of 370, columns 78 to 116 of 210]
-11.646363258361816406 -11.773557662963867188 -11.89879608154296875 -12.022814750671386719 -12.135448455810546875 -12.228598594665527344 -12.308386802673339844 -12.380867958068847656 -12.43195343017578125 -12.438244819641113281 -12.400498390197753906 -12.352918624877929688 -12.331365585327148438 -12.339788436889648438 -12.354425430297851563 -12.353404998779296875 -12.333398818969726563 -12.303641319274902344 -12.275812149047851563 -12.257794380187988281 -12.244694709777832031 -12.214002609252929688 -12.140992164611816406 -12.023840904235839844 -11.884893417358398438 -11.742865562438964844 -11.594030380249023438 -11.428030014038085938 -11.251049041748046875 -11.079380035400390625 -10.915264129638671875 -10.744160652160644531 -10.555275917053222656 -10.35009002685546875 -10.1280364990234375 -9.879039764404296875 -9.5983781814575195313 -9.2975330352783203125 -8.9918308258056640625
-11.483562469482421875 -11.601756095886230469 -11.721297264099121094 -11.842961311340332031 -11.949976921081542969 -12.029574394226074219 -12.092428207397460938 -12.15395355224609375 -12.20333099365234375 -12.211108207702636719 -12.170680046081542969 -12.115570068359375 -12.085694313049316406 -12.086825370788574219 -12.093918800354003906 -12.086611747741699219 -12.068072319030761719 -12.051792144775390625 -12.043358802795410156 -12.036775588989257813 -12.017594337463378906 -11.966644287109375 -11.8717498779296875 -11.74213409423828125 -11.603252410888671875 -11.470577239990234375 -11.335240364074707031 -11.181980133056640625 -11.012433052062988281 -10.839173316955566406 -10.662588119506835938 -10.469160079956054688 -10.253377914428710938 -10.026996612548828125 -9.8010740280151367188 -9.569766998291015625 -9.3188228607177734375 -9.0419321060180664063 -8.74376678466796875
-11.315737724304199219 -11.424518585205078125 -11.5350494384765625 -11.648480415344238281 -11.7463531494140625 -11.812876701354980469 -11.859346389770507813 -11.90828704833984375 -11.957379341125488281 -11.977969169616699219 -11.953747749328613281 -11.905488967895507813 -11.867757797241210938 -11.851978302001953125 -11.844723701477050781 -11.835177421569824219 -11.828370094299316406 -11.830667495727539063 -11.835107803344726563 -11.825605392456054688 -11.787573814392089844 -11.711801528930664063 -11.597981452941894531 -11.460728645324707031 -11.323784828186035156 -11.199132919311523438 -11.07562255859375 -10.93499755859375 -10.773745536804199219 -10.599857330322265625 -10.412822723388671875 -10.201341629028320313 -9.9637880325317382813 -9.7190761566162109375 -9.4895505905151367188 -9.2782297134399414063 -9.0670680999755859375 -8.8325519561767578125 -8.562297821044921875
-11.141750335693359375 -11.246927261352539063 -11.3497161865234375 -11.450289726257324219 -11.535416603088378906 -11.591341972351074219 -11.626679420471191406 -11.665311813354492188 -11.714127540588378906 -11.751043319702148438 -11.751585006713867188 -11.717969894409179688 -11.674233436584472656 -11.640452384948730469 -11.622023582458496094 -11.618589401245117188 -11.628819465637207031 -11.643483161926269531 -11.644228935241699219 -11.615252494812011719 -11.551801681518554688 -11.455944061279296875 -11.332288742065429688 -11.192507743835449219 -11.055289268493652344 -10.931646347045898438 -10.812741279602050781 -10.679918289184570313 -10.524676322937011719 -10.350627899169921875 -10.157813072204589844 -9.9375009536743164063 -9.6883707046508789063 -9.4304666519165039063 -9.194507598876953125 -8.99642181396484375 -8.8227720260620117188 -8.63866424560546875 -8.4130563735961914063
-10.960879325866699219 -11.064425468444824219 -11.15959930419921875 -11.244447708129882813 -11.316468238830566406 -11.368719100952148438 -11.404242515563964844 -11.440395355224609375 -11.488748550415039063 -11.536187171936035156 -11.555440902709960938 -11.533938407897949219 -11.486889839172363281 -11.443383216857910156 -11.424886703491210938 -11.434613227844238281 -11.458155632019042969 -11.471073150634765625 -11.452442169189453125 -11.396922111511230469 -11.312722206115722656 -11.207761764526367188 -11.083359718322753906 -10.943569183349609375 -10.802428245544433594 -10.672907829284667969 -10.550930976867675781 -10.418478012084960938 -10.262531280517578125 -10.083431243896484375 -9.8835039138793945313 -9.65734100341796875 -9.4020061492919921875 -9.1344537734985351563 -8.890254974365234375 -8.6987781524658203125 -8.5563573837280273438 -8.4233417510986328125 -8.2532415390014648438
-10.769171714782714844 -10.863385200500488281 -10.947660446166992188 -11.018374443054199219 -11.084019660949707031 -11.14444732666015625 -11.1943206787109375 -11.23819732666015625 -11.286274909973144531 -11.333812713623046875 -11.357344627380371094 -11.339297294616699219 -11.291869163513183594 -11.250043869018554688 -11.241075515747070313 -11.26241302490234375 -11.286370277404785156 -11.282741546630859375 -11.238916397094726563 -11.163018226623535156 -11.069882392883300781 -10.964646339416503906 -10.841858863830566406 -10.70037841796875 -10.553052902221679688 -10.415455818176269531 -10.286860466003417969 -10.14922332763671875 -9.9860239028930664063 -9.7957162857055664063 -9.5837268829345703125 -9.348785400390625 -9.0874681472778320313 -8.8137531280517578125 -8.5657024383544921875 -8.3824024200439453125 -8.2684679031372070313 -8.1824798583984375 -8.0677328109741210938
-10.579234123229980469 -10.653281211853027344 -10.723883628845214844 -10.787108421325683594 -10.856923103332519531 -10.9348907470703125 -11.006085395812988281 -11.061635017395019531 -11.107417106628417969 -11.145137786865234375 -11.159470558166503906 -11.136895179748535156 -11.091479301452636719 -11.058436393737792969 -11.059378623962402344 -11.080698966979980469 -11.088482856750488281 -11.059573173522949219 -10.995708465576171875 -10.912412643432617188 -10.8197479248046875 -10.714224815368652344 -10.587148666381835938 -10.439314842224121094 -10.285483360290527344 -10.141425132751464844 -10.006485939025878906 -9.862560272216796875 -9.691844940185546875 -9.4917402267456054688 -9.26930999755859375 -9.0265779495239257813 -8.7617120742797851563 -8.4884519577026367188 -8.2462358474731445313 -8.0781002044677734375 -7.9913196563720703125 -7.9425401687622070313 -7.8700909614562988281
-10.42714691162109375 -10.478312492370605469 -10.536220550537109375 -10.597522735595703125 -10.674525260925292969 -10.76541900634765625 -10.848555564880371094 -10.907352447509765625 -10.944576263427734375 -10.965867996215820313 -10.964135169982910156 -10.933702468872070313 -10.891579627990722656 -10.86746978759765625 -10.870500564575195313 -10.877351760864257813 -10.857899665832519531 -10.804615974426269531 -10.731489181518554688 -10.650835990905761719 -10.559526443481445313 -10.44646453857421875 -10.307148933410644531 -10.149854660034179688 -9.9905729293823242188 -9.84140777587890625 -9.7002649307250976563 -9.5514860153198242188 -9.3791055679321289063 -9.1792593002319335938 -8.9572973251342773438 -8.7159471511840820313 -8.4557209014892578125 -8.1920309066772460938 -7.9644231796264648438 -7.8148121833801269531 -7.7487864494323730469 -7.7220015525817871094 -7.6733102798461914063
-10.336849212646484375 -10.372702598571777344 -10.419976234436035156 -10.475996971130371094 -10.548224449157714844 -10.631567001342773438 -10.704411506652832031 -10.750525474548339844 -10.771866798400878906 -10.774749755859375 -10.75696563720703125 -10.719471931457519531 -10.680416107177734375 -10.660799026489257813 -10.657109260559082031 -10.642235755920410156 -10.596932411193847656 -10.529211044311523438 -10.456955909729003906 -10.381056785583496094 -10.28525543212890625 -10.157881736755371094 -10.004422187805175781 -9.8399524688720703125 -9.6771831512451171875 -9.5220813751220703125 -9.3731069564819335938 -9.2209291458129882813 -9.0533742904663085938 -8.8639850616455078125 -8.6535177230834960938 -8.4236021041870117188 -8.1770906448364257813 -7.9309039115905761719 -7.7222352027893066406 -7.5881476402282714844 -7.531520843505859375 -7.5110254287719726563 -7.4722962379455566406
-10.281807899475097656 -10.310766220092773438 -10.34576416015625 -10.385004043579101563 -10.433353424072265625 -10.487011909484863281 -10.530690193176269531 -10.553219795227050781 -10.556054115295410156 -10.543009757995605469 -10.513028144836425781 -10.470629692077636719 -10.432830810546875 -10.412251472473144531 -10.397594451904296875 -10.364477157592773438 -10.305601119995117188 -10.237073898315429688 -10.171236038208007813 -10.095849990844726563 -9.9890413284301757813 -9.8466968536376953125 -9.6847743988037109375 -9.5192584991455078125 -9.3550167083740234375 -9.1930065155029296875 -9.0361280441284179688 -8.8831539154052734375 -8.7243194580078125 -8.5485944747924804688 -8.35179901123046875 -8.1355886459350585938 -7.9061613082885742188 -7.6813216209411621094 -7.4933452606201171875 -7.3715643882751464844 -7.3158321380615234375 -7.2915005683898925781 -7.2562899589538574219
-10.201670646667480469 -10.222661972045898438 -10.239432334899902344 -10.252289772033691406 -10.267458915710449219 -10.285510063171386719 -10.298087120056152344 -10.298077583312988281 -10.285407066345214844 -10.260784149169921875 -10.223089218139648438 -10.177958488464355469 -10.139550209045410156 -10.114345550537109375 -10.089250564575195313 -10.046621322631835938 -9.9874734878540039063 -9.926921844482421875 -9.8664703369140625 -9.7851457595825195313 -9.6646146774291992188 -9.5122022628784179688 -9.34983062744140625 -9.1882238388061523438 -9.0238847732543945313 -8.8569135665893554688 -8.69698333740234375 -8.5484333038330078125 -8.3999958038330078125 -8.2352037429809570313 -8.047229766845703125 -7.8402791023254394531 -7.62496185302734375 -7.4201521873474121094 -7.2531218528747558594 -7.1446666717529296875 -7.0900406837463378906 -7.0602712631225585938 -7.0260672569274902344
-10.057718276977539063 -10.059474945068359375 -10.051258087158203125 -10.037810325622558594 -10.027953147888183594 -10.023698806762695313 -10.017704963684082031 -10.002777099609375 -9.9779882431030273438 -9.944427490234375 -9.902675628662109375 -9.8579778671264648438 -9.8199367523193359375 -9.79045867919921875 -9.7580776214599609375 -9.7121219635009765625 -9.6570825576782226563 -9.602169036865234375 -9.53954315185546875 -9.446834564208984375 -9.3145704269409179688 -9.1591691970825195313 -9.0021028518676757813 -8.8464565277099609375 -8.6840925216674804688 -8.5179805755615234375 -8.3626127243041992188 -8.2224702835083007813 -8.0825128555297851563 -7.9239106178283691406 -7.7411150932312011719 -7.5410261154174804688 -7.3360643386840820313 -7.14550018310546875 -6.9948058128356933594 -6.90010833740234375 -6.8519892692565917969 -6.8224720954895019531 -6.790256500244140625
-9.8570556640625 -9.82695770263671875 -9.7895526885986328125 -9.7566862106323242188 -9.7380208969116210938 -9.730236053466796875 -9.7192134857177734375 -9.6945161819458007813 -9.657470703125 -9.61486053466796875 -9.5714740753173828125 -9.5311746597290039063 -9.4976396560668945313 -9.4682741165161132813 -9.4328250885009765625 -9.3845376968383789063 -9.3279047012329101563 -9.2673616409301757813 -9.1925401687622070313 -9.0863094329833984375 -8.9478740692138671875 -8.7964639663696289063 -8.648357391357421875 -8.5008640289306640625 -8.3458080291748046875 -8.18880462646484375 -8.0430440902709960938 -7.9082632064819335938 -7.7683458328247070313 -7.6099786758422851563 -7.4335546493530273438 -7.2453441619873046875 -7.0519728660583496094 -6.8690128326416015625 -6.7236433029174804688 -6.6353168487548828125 -6.595184326171875 -6.5738592147827148438 -6.5502619743347167969
-9.6237916946411132813 -9.5581188201904296875 -9.491607666015625 -9.4449377059936523438 -9.4272508621215820313 -9.4258327484130859375 -9.4159832000732421875 -9.3833551406860351563 -9.33368682861328125 -9.2816410064697265625 -9.2367658615112304688 -9.2015733718872070313 -9.1746568679809570313 -9.1492671966552734375 -9.113925933837890625 -9.0615110397338867188 -8.9950714111328125 -8.9187755584716796875 -8.8268861770629882813 -8.7103776931762695313 -8.573047637939453125 -8.4310541152954101563 -8.2945928573608398438 -8.1593379974365234375 -8.019557952880859375 -7.8795719146728515625 -7.7443795204162597656 -7.6068439483642578125 -7.4553303718566894531 -7.2903609275817871094 -7.1221919059753417969 -6.9532637596130371094 -6.7770524024963378906 -6.5993366241455078125 -6.4486064910888671875 -6.3538327217102050781 -6.3152484893798828125 -6.3056306838989257813 -6.2991771697998046875
-9.3664216995239257813 -9.274089813232421875 -9.18396759033203125 -9.1251049041748046875 -9.1075582504272460938 -9.1118173599243164063 -9.1049451828002929688 -9.069126129150390625 -9.0121850967407226563 -8.9528684616088867188 -8.9033880233764648438 -8.8667020797729492188 -8.8404645919799804688 -8.8161764144897460938 -8.779705047607421875 -8.7209177017211914063 -8.64177703857421875 -8.549839019775390625 -8.4465045928955078125 -8.3284788131713867188 -8.1989459991455078125 -8.0685939788818359375 -7.9442429542541503906 -7.8238778114318847656 -7.7043919563293457031 -7.5853161811828613281 -7.4607324600219726563 -7.3173737525939941406 -7.1503691673278808594 -6.9751415252685546875 -6.8120894432067871094 -6.6611413955688476563 -6.5038805007934570313 -6.3344206809997558594 -6.1779732704162597656 -6.0708889961242675781 -6.0263223648071289063 -6.0251588821411132813 -6.0375590324401855469
-9.0798139572143554688 -8.97701263427734375 -8.8739576339721679688 -8.8048486709594726563 -8.7831945419311523438 -8.7894382476806640625 -8.7883501052856445313 -8.7589540481567382813 -8.7053956985473632813 -8.6432485580444335938 -8.5843000411987304688 -8.534740447998046875 -8.4966678619384765625 -8.4635114669799804688 -8.41953277587890625 -8.3522882461547851563 -8.2642765045166015625 -8.1668720245361328125 -8.06523895263671875 -7.9559431076049804688 -7.8379826545715332031 -7.7180337905883789063 -7.6032857894897460938 -7.4954695701599121094 -7.3930568695068359375 -7.2914972305297851563 -7.1782445907592773438 -7.03694915771484375 -6.8653063774108886719 -6.6839284896850585938 -6.5177807807922363281 -6.369808197021484375 -6.221893310546875 -6.06368255615234375 -5.9130482673645019531 -5.8036637306213378906 -5.7553715705871582031 -5.7583417892456054688 -5.7825555801391601563
-8.762676239013671875 -8.6624174118041992188 -8.5589313507080078125 -8.4863529205322265625 -8.4613084793090820313 -8.468906402587890625 -8.4768533706665039063 -8.4618091583251953125 -8.4200506210327148438 -8.358806610107421875 -8.2874517440795898438 -8.2170820236206054688 -8.157196044921875 -8.105701446533203125 -8.0478506088256835938 -7.9718632698059082031 -7.882198333740234375 -7.7914023399353027344 -7.7024016380310058594 -7.6068220138549804688 -7.4997005462646484375 -7.3873915672302246094 -7.2792649269104003906 -7.1785235404968261719 -7.083316802978515625 -6.9892783164978027344 -6.8862557411193847656 -6.7594366073608398438 -6.6021170616149902344 -6.4255957603454589844 -6.2499675750732421875 -6.0856719017028808594 -5.9296212196350097656 -5.7797040939331054688 -5.6476798057556152344 -5.5549364089965820313 -5.5160336494445800781 -5.5245461463928222656 -5.552730560302734375
