geoid/ascii _raster_file/ascigrid.asc
ncols        210
nrows        370
xllcorner    42.395833333333
yllcorner    -26.854166666667
cellsize     0.041666666667
NODATA_value  -32767
[rows 323 to 339 of 370, columns 156 to 194 of 210]
1.39199066162109375 1.3696587085723876953 1.3361626863479614258 1.2903416156768798828 1.2412352561950683594 1.1997953653335571289 1.1704895496368408203 1.1498979330062866211 1.1318562030792236328 1.1131027936935424805 1.0946799516677856445 1.0793004035949707031 1.0678802728652954102 1.057957768440246582 1.0449193716049194336 1.0252640247344970703 0.99955093860626220703 0.9722461700439453125 0.94802618026733398438 0.92779934406280517578 0.90843427181243896484 0.88624846935272216797 0.86007773876190185547 0.83065009117126464844 0.79800009727478027344 0.76117253303527832031 0.72097277641296386719 0.68176388740539550781 0.64899170398712158203 0.62468159198760986328 0.60615050792694091797 0.58942568302154541016 0.5731983184814453125 0.55895662307739257813 0.54808461666107177734 0.540027618408203125 0.53315067291259765625 0.5260753631591796875 0.5177154541015625
1.4482532739639282227 1.4314227104187011719 1.4058344364166259766 1.3656226396560668945 1.3175461292266845703 1.2748241424560546875 1.2450767755508422852 1.2246049642562866211 1.2044618129730224609 1.1808588504791259766 1.1585037708282470703 1.1443159580230712891 1.1393208503723144531 1.1370635032653808594 1.1290358304977416992 1.1111661195755004883 1.0859285593032836914 1.0593093633651733398 1.0357249975204467773 1.0149344205856323242 0.99319005012512207031 0.96731865406036376953 0.93765234947204589844 0.90686154365539550781 0.87631475925445556641 0.84452891349792480469 0.80966460704803466797 0.77286291122436523438 0.7381572723388671875 0.70908761024475097656 0.68613696098327636719 0.66756200790405273438 0.65175700187683105469 0.63815224170684814453 0.62660479545593261719 0.61719477176666259766 0.61056017875671386719 0.60709238052368164063 0.6051769256591796875
1.5093255043029785156 1.4995527267456054688 1.4844805002212524414 1.4519900083541870117 1.4043205976486206055 1.3563625812530517578 1.3209235668182373047 1.297253727912902832 1.2754036188125610352 1.2499574422836303711 1.2263898849487304688 1.2136321067810058594 1.2129067182540893555 1.2155460119247436523 1.2107951641082763672 1.1943401098251342773 1.169854283332824707 1.1440947055816650391 1.1210595369338989258 1.0996636152267456055 1.0758204460144042969 1.0467350482940673828 1.0136619806289672852 0.98056852817535400391 0.95004510879516601563 0.92085814476013183594 0.88983011245727539063 0.85578131675720214844 0.82106745243072509766 0.78942739963531494141 0.76305866241455078125 0.74186551570892333984 0.72460782527923583984 0.71005129814147949219 0.6975803375244140625 0.68775129318237304688 0.68219685554504394531 0.68183231353759765625 0.68455398082733154297
1.5754340887069702148 1.5740853548049926758 1.5708053112030029297 1.5478960275650024414 1.5024045705795288086 1.449242711067199707 1.4057821035385131836 1.3759409189224243164 1.3515200614929199219 1.3264244794845581055 1.3048363924026489258 1.2945361137390136719 1.2956484556198120117 1.2987734079360961914 1.2933592796325683594 1.276013493537902832 1.2510628700256347656 1.2251104116439819336 1.2016997337341308594 1.1797014474868774414 1.1553041934967041016 1.1256555318832397461 1.0914595127105712891 1.0563058853149414063 1.0232439041137695313 0.99210381507873535156 0.96042382717132568359 0.92673754692077636719 0.89239978790283203125 0.86025953292846679688 0.83224499225616455078 0.80854654312133789063 0.788585662841796875 0.77217757701873779297 0.75994479656219482422 0.7530651092529296875 0.75234687328338623047 0.75672662258148193359 0.76247107982635498047
1.6485134363174438477 1.6551965475082397461 1.6619263887405395508 1.6486622095108032227 1.6088775396347045898 1.5552856922149658203 1.5059491395950317383 1.4680582284927368164 1.4375050067901611328 1.4107247591018676758 1.3912733793258666992 1.3837431669235229492 1.3851338624954223633 1.3854007720947265625 1.3758254051208496094 1.3551738262176513672 1.32839202880859375 1.3013474941253662109 1.2769888639450073242 1.254538416862487793 1.2307914495468139648 1.2026281356811523438 1.1694533824920654297 1.1335283517837524414 1.0976711511611938477 1.0627785921096801758 1.0279293060302734375 0.99260079860687255859 0.95801305770874023438 0.92608594894409179688 0.89767336845397949219 0.87237560749053955078 0.85000443458557128906 0.83188986778259277344 0.82059001922607421875 0.81809127330780029297 0.82369124889373779297 0.83318531513214111328 0.84052884578704833984
1.7350999116897583008 1.7479268312454223633 1.7593990564346313477 1.7515801191329956055 1.7181798219680786133 1.6687508821487426758 1.6173821687698364258 1.5710248947143554688 1.5303875207901000977 1.4977827072143554688 1.4783787727355957031 1.4731420278549194336 1.4743403196334838867 1.4705784320831298828 1.4555251598358154297 1.4308985471725463867 1.4024835824966430664 1.3750867843627929688 1.3505353927612304688 1.327895045280456543 1.3043119907379150391 1.2766920328140258789 1.2439554929733276367 1.2078006267547607422 1.1708852052688598633 1.1344799995422363281 1.0983098745346069336 1.0623199939727783203 1.0277264118194580078 0.9960498809814453125 0.96766877174377441406 0.941921234130859375 0.918750762939453125 0.90007984638214111328 0.88926994800567626953 0.88863170146942138672 0.89670431613922119141 0.9077911376953125 0.91494607925415039063
1.8408657312393188477 1.858576655387878418 1.8684252500534057617 1.8579221963882446289 1.8255933523178100586 1.7794491052627563477 1.7275420427322387695 1.6736747026443481445 1.6223219633102416992 1.5824912786483764648 1.561989903450012207 1.5584262609481811523 1.5592213869094848633 1.5516948699951171875 1.5320768356323242188 1.504985809326171875 1.4767427444458007813 1.4506781101226806641 1.4269404411315917969 1.4037581682205200195 1.3782761096954345703 1.347998499870300293 1.3128281831741333008 1.2753771543502807617 1.2386416196823120117 1.2035877704620361328 1.1693422794342041016 1.135247349739074707 1.1019960641860961914 1.0708444118499755859 1.0424574613571166992 1.0169411897659301758 0.99480485916137695313 0.97760474681854248047 0.96744871139526367188 0.96545505523681640625 0.97015261650085449219 0.97735428810119628906 0.98229336738586425781
1.9624880552291870117 1.9856516122817993164 1.9899655580520629883 1.9691537618637084961 1.9295521974563598633 1.8807212114334106445 1.8262637853622436523 1.7665177583694458008 1.7079099416732788086 1.6637550592422485352 1.6428903341293334961 1.639803767204284668 1.638882756233215332 1.627947688102722168 1.6060606241226196289 1.5795142650604248047 1.5537054538726806641 1.5298507213592529297 1.5065672397613525391 1.4815800189971923828 1.4523094892501831055 1.4172775745391845703 1.3779578208923339844 1.3382674455642700195 1.3014657497406005859 1.267912745475769043 1.2360373735427856445 1.2046787738800048828 1.1738762855529785156 1.1441009044647216797 1.1159139871597290039 1.0905412435531616211 1.0699324607849121094 1.0556023120880126953 1.0474364757537841797 1.0437837839126586914 1.0426419973373413086 1.0427656173706054688 1.0438820123672485352
2.0895261764526367188 2.1186110973358154297 2.1169786453247070313 2.0833058357238769531 2.0313909053802490234 1.9740716218948364258 1.9136933088302612305 1.849263310432434082 1.7880278825759887695 1.7438467741012573242 1.7234457731246948242 1.7184010744094848633 1.7131150960922241211 1.6987227201461791992 1.6772576570510864258 1.6545163393020629883 1.6327790021896362305 1.6106561422348022461 1.5863165855407714844 1.558406829833984375 1.5254288911819458008 1.4868957996368408203 1.445172429084777832 1.4044266939163208008 1.3672382831573486328 1.3332042694091796875 1.301026463508605957 1.2706041336059570313 1.2422963380813598633 1.2153269052505493164 1.18860626220703125 1.1631839275360107422 1.1425384283065795898 1.129506230354309082 1.1231580972671508789 1.1193143129348754883 1.1143702268600463867 1.108555912971496582 1.1053125858306884766
2.2147319316864013672 2.2462918758392333984 2.2388277053833007813 2.1945910453796386719 2.1314697265625 2.0641462802886962891 1.9957658052444458008 1.926945805549621582 1.8660205602645874023 1.8246785402297973633 1.804942011833190918 1.795769810676574707 1.7841664552688598633 1.7665566205978393555 1.7474764585494995117 1.7302206754684448242 1.712599635124206543 1.6910043954849243164 1.6645931005477905273 1.6341189146041870117 1.599421381950378418 1.5604661703109741211 1.5195749998092651367 1.4801416397094726563 1.4432319402694702148 1.4074258804321289063 1.3723566532135009766 1.3404577970504760742 1.3139286041259765625 1.2911919355392456055 1.2682536840438842773 1.2436876296997070313 1.2209286689758300781 1.204855799674987793 1.1965620517730712891 1.1921472549438476563 1.1866856813430786133 1.1790456771850585938 1.1725465059280395508
2.3368899822235107422 2.3619587421417236328 2.3456523418426513672 2.2936623096466064453 2.2237491607666015625 2.1488921642303466797 2.0730366706848144531 2.0004465579986572266 1.9415358304977416992 1.9049993753433227539 1.8872231245040893555 1.8748160600662231445 1.8580902814865112305 1.8385080099105834961 1.8219677209854125977 1.8086856603622436523 1.7928920984268188477 1.7703968286514282227 1.7422946691513061523 1.7110773324966430664 1.6768144369125366211 1.6390455961227416992 1.5998984575271606445 1.5623863935470581055 1.5264368057250976563 1.4894926548004150391 1.4515759944915771484 1.4173789024353027344 1.3915951251983642578 1.373124241828918457 1.3556206226348876953 1.3339221477508544922 1.3090366125106811523 1.2866665124893188477 1.2715888023376464844 1.2637494802474975586 1.2591632604598999023 1.2538563013076782227 1.2468124628067016602
2.4513936042785644531 2.4591920375823974609 2.4286749362945556641 2.3696277141571044922 2.2968726158142089844 2.2187623977661132813 2.13901519775390625 2.0657253265380859375 2.0115454196929931641 1.9823375940322875977 1.9694892168045043945 1.957726597785949707 1.9397565126419067383 1.9199672937393188477 1.9042719602584838867 1.8908509016036987305 1.8731187582015991211 1.848452448844909668 1.8198448419570922852 1.7897957563400268555 1.7568191289901733398 1.7193418741226196289 1.679835200309753418 1.6422384977340698242 1.6066888570785522461 1.569966435432434082 1.5314793586730957031 1.4962506294250488281 1.4702854156494140625 1.4538159370422363281 1.4403940439224243164 1.4225341081619262695 1.3978393077850341797 1.3703944683074951172 1.347324371337890625 1.3336687088012695313 1.3289340734481811523 1.3274713754653930664 1.3225373029708862305
2.5446097850799560547 2.5296227931976318359 2.4826624393463134766 2.4174463748931884766 2.3451528549194335938 2.26905059814453125 2.1918635368347167969 2.1238317489624023438 2.0781943798065185547 2.0580692291259765625 2.0516858100891113281 2.0433118343353271484 2.0271778106689453125 2.0082886219024658203 1.9915081262588500977 1.9744957685470581055 1.9524070024490356445 1.9253038167953491211 1.8970981836318969727 1.8687061071395874023 1.8364065885543823242 1.7977565526962280273 1.755946040153503418 1.716196894645690918 1.6796778440475463867 1.6436020135879516602 1.6068652868270874023 1.5730537176132202148 1.5469293594360351563 1.5291602611541748047 1.5152680873870849609 1.4989854097366333008 1.4764087200164794922 1.4485297203063964844 1.4213159084320068359 1.4024465084075927734 1.3954232931137084961 1.3955675363540649414 1.3927825689315795898
2.6047708988189697266 2.5707149505615234375 2.5122821331024169922 2.4452576637268066406 2.3778045177459716797 2.3097498416900634766 2.2426168918609619141 2.1860327720642089844 2.1510431766510009766 2.1380770206451416016 2.1349737644195556641 2.1281597614288330078 2.1136763095855712891 2.0958423614501953125 2.0777990818023681641 2.0573525428771972656 2.0319917201995849609 2.0036828517913818359 1.9758507013320922852 1.9476219415664672852 1.914475560188293457 1.8745342493057250977 1.8314355611801147461 1.7900909185409545898 1.7518368959426879883 1.7153731584548950195 1.6808158159255981445 1.6504024267196655273 1.6254469156265258789 1.6046193838119506836 1.5855300426483154297 1.5663203001022338867 1.5452712774276733398 1.5211088657379150391 1.4956598281860351563 1.4748923778533935547 1.4642388820648193359 1.4618248939514160156 1.4581886529922485352
2.6380834579467773438 2.5942788124084472656 2.5335285663604736328 2.4711198806762695313 2.4132111072540283203 2.3582422733306884766 2.3063478469848632813 2.2639517784118652344 2.2377905845642089844 2.22637176513671875 2.2201268672943115234 2.2102522850036621094 2.1953287124633789063 2.1785266399383544922 2.1608598232269287109 2.1399540901184082031 2.1145508289337158203 2.0867323875427246094 2.0583825111389160156 2.0278258323669433594 1.9922057390213012695 1.9519904851913452148 1.9106947183609008789 1.8705230951309204102 1.8309816122055053711 1.7924219369888305664 1.758175969123840332 1.7309039831161499023 1.7082742452621459961 1.6850517988204956055 1.6593664884567260742 1.6343652009963989258 1.6130040884017944336 1.5938392877578735352 1.5741072893142700195 1.5552371740341186523 1.5418517589569091797 1.5346844196319580078 1.5272896289825439453
2.6695780754089355469 2.6229846477508544922 2.5656340122222900391 2.5110471248626708984 2.4644949436187744141 2.4240982532501220703 2.3879146575927734375 2.3577132225036621094 2.3357944488525390625 2.3204076290130615234 2.3065202236175537109 2.2908790111541748047 2.2743525505065917969 2.2586636543273925781 2.2426419258117675781 2.2233312129974365234 2.1996712684631347656 2.1728291511535644531 2.1430692672729492188 2.1088788509368896484 2.0702624320983886719 2.030628204345703125 1.993105769157409668 1.9562727212905883789 1.9165874719619750977 1.8751436471939086914 1.8386577367782592773 1.8117176294326782227 1.7902559041976928711 1.7658354043960571289 1.7358626127243041992 1.7064229249954223633 1.684248805046081543 1.6688252687454223633 1.654669642448425293 1.6393936872482299805 1.6258209943771362305 1.6157888174057006836 1.605260014533996582
2.7257487773895263672 2.6767742633819580078 2.6212327480316162109 2.5718615055084228516 2.5342538356781005859 2.5059652328491210938 2.4818301200866699219 2.4589223861694335938 2.4368314743041992188 2.4153513908386230469 2.3939778804779052734 2.3733930587768554688 2.3553714752197265625 2.3401246070861816406 2.3248612880706787109 2.3061728477478027344 2.2830531597137451172 2.2561917304992675781 2.2251460552215576172 2.1886992454528808594 2.1484694480895996094 2.1094102859497070313 2.0744802951812744141 2.0403456687927246094 2.0014843940734863281 1.9585219621658325195 1.9192224740982055664 1.8895167112350463867 1.8659709692001342773 1.8400887250900268555 1.8091133832931518555 1.7792147397994995117 1.7573484182357788086 1.7430838346481323242 1.7307201623916625977 1.7173742055892944336 1.7053357362747192383 1.6962026357650756836 1.6860867738723754883
