geoid/ascii _raster_file/EGM2008Res.asc
ncols        18
nrows        31
xllcorner    42.395833330000
yllcorner    -26.854166670000
dx           0.486111111111
dy           0.497311828065
 -27.412166595458984375 -24.8206787109375 -24.3011016845703125 -27.0190887451171875 -27.90448760986328125 -28.746633529663085938 -29.4518890380859375 -29.874359130859375 -29.810773849487304688 -29.263612747192382813 -28.434301376342773438 -28.538045883178710938 -28.160020828247070313 -27.442144393920898438 -26.491512298583984375 -27.25441741943359375 -28.168323516845703125 -29.357591629028320313
 -28.00727081298828125 -26.515415191650390625 -22.978826522827148438 -24.1057586669921875 -23.512769699096679688 -26.4340667724609375 -27.501180648803710938 -27.778736114501953125 -26.343166351318359375 -28.272186279296875 -26.413808822631835938 -22.202783584594726563 -23.355890274047851563 -22.352682113647460938 -23.314525604248046875 -25.041378021240234375 -26.642444610595703125 -27.7961578369140625
 -28.379930496215820313 -27.569307327270507813 -24.556659698486328125 -25.969736099243164063 -25.300294876098632813 -20.207599639892578125 -24.911289215087890625 -27.159090042114257813 -26.617219924926757813 -27.173246383666992188 -23.942840576171875 -20.410491943359375 -20.081836700439453125 -19.317731857299804688 -20.076852798461914063 -21.654291152954101563 -24.679960250854492188 -26.05965423583984375
 -27.41742706298828125 -27.499805450439453125 -27.23625946044921875 -27.315893173217773438 -25.879705429077148438 -22.8042449951171875 -25.272203445434570313 -26.765634536743164063 -26.624660491943359375 -26.265783309936523438 -24.328784942626953125 -20.69753265380859375 -18.634279251098632813 -18.151546478271484375 -17.936315536499023438 -19.0226287841796875 -22.284944534301757813 -24.509090423583984375
 -25.740985870361328125 -26.315504074096679688 -26.660097122192382813 -26.981571197509765625 -26.720941543579101563 -26.294668197631835938 -26.10819244384765625 -25.866174697875976563 -25.422967910766601563 -24.907548904418945313 -22.911264419555664063 -18.098480224609375 -17.13407135009765625 -15.595067024230957031 -14.402203559875488281 -16.889801025390625 -19.97377777099609375 -22.47530364990234375
 -24.060884475708007813 -24.845640182495117188 -25.492946624755859375 -26.013578414916992188 -26.130298614501953125 -25.935140609741210938 -25.646551132202148438 -25.184160232543945313 -24.22425079345703125 -23.652872085571289063 -21.288160324096679688 -18.212188720703125 -14.875615119934082031 -13.213271141052246094 -15.353374481201171875 -15.638227462768554688 -17.659044265747070313 -20.848409652709960938
 -22.931833267211914063 -23.9415130615234375 -24.4738006591796875 -25.023035049438476563 -25.590240478515625 -25.54647064208984375 -24.949007034301757813 -23.904712677001953125 -22.96347808837890625 -21.490770339965820313 -19.663621902465820313 -18.156219482421875 -14.678282737731933594 -13.154460906982421875 -13.984658241271972656 -14.712276458740234375 -16.491359710693359375 -19.4439849853515625
 -21.626913070678710938 -23.369062423706054688 -23.746545791625976563 -23.629083633422851563 -24.806215286254882813 -25.1793365478515625 -23.931240081787109375 -21.882547378540039063 -19.61212158203125 -18.787599563598632813 -18.112955093383789063 -16.9345245361328125 -14.851171493530273438 -12.627879142761230469 -13.365142822265625 -13.985517501831054688 -14.874201774597167969 -18.327205657958984375
 -21.052385330200195313 -22.41944122314453125 -22.8548126220703125 -21.925989151000976563 -20.075115203857421875 -20.649648666381835938 -20.033754348754882813 -18.321214675903320313 -17.997545242309570313 -17.64844512939453125 -16.444967269897460938 -15.21511077880859375 -13.624002456665039063 -11.960735321044921875 -12.600075721740722656 -14.485640525817871094 -13.98384857177734375 -17.37067413330078125
 -19.905817031860351563 -20.380811691284179688 -19.121488571166992188 -17.493455886840820313 -16.772373199462890625 -16.681215286254882813 -16.884305953979492188 -17.10813140869140625 -16.786531448364257813 -15.592229843139648438 -13.884966850280761719 -11.786667823791503906 -10.483715057373046875 -10.697050094604492188 -12.449156761169433594 -14.009251594543457031 -14.146875381469726563 -16.961841583251953125
 -17.711137771606445313 -17.29851531982421875 -15.521209716796875 -15.25588226318359375 -14.463347434997558594 -13.503596305847167969 -14.22571563720703125 -14.66819000244140625 -14.636364936828613281 -13.331464767456054688 -11.145565986633300781 -9.1820783615112304688 -9.0643091201782226563 -9.5848035812377929688 -11.986330032348632813 -13.62702178955078125 -14.418576240539550781 -16.876382827758789063
 -15.570672988891601563 -14.599452972412109375 -13.426919937133789063 -13.054765701293945313 -12.630560874938964844 -10.835061073303222656 -11.200672149658203125 -12.211108207702636719 -11.966644287109375 -10.253377914428710938 -8.0500516891479492188 -8.2100477218627929688 -7.7878403663635253906 -9.3077182769775390625 -11.215765953063964844 -11.887740135192871094 -14.637636184692382813 -16.562358856201171875
 -14.458789825439453125 -13.699080467224121094 -11.870752334594726563 -11.03090667724609375 -10.800705909729003906 -9.649524688720703125 -9.6848726272583007813 -9.2816410064697265625 -8.4310541152954101563 -6.7770524024963378906 -6.283252716064453125 -6.2609424591064453125 -6.5745310783386230469 -7.7592105865478515625 -9.7000904083251953125 -12.645730018615722656 -14.939057350158691406 -15.706007957458496094
 -12.667149543762207031 -13.00609588623046875 -11.200439453125 -10.720286369323730469 -9.8540439605712890625 -8.8272161483764648438 -6.7328715324401855469 -6.0029730796813964844 -4.9033555984497070313 -3.8061347007751464844 -4.0411534309387207031 -4.3711042404174804688 -4.9159097671508789063 -6.8465266227722167969 -9.1874523162841796875 -12.8107147216796875 -14.319796562194824219 -14.726384162902832031
 -10.585025787353515625 -11.278916358947753906 -11.252427101135253906 -9.8865728378295898438 -9.2199258804321289063 -8.1711378097534179688 -5.531452178955078125 -3.5856454372406005859 -3.0448212623596191406 -2.1851756572723388672 -2.0300798416137695313 -2.9426314830780029297 -4.3581914901733398438 -6.9490337371826171875 -9.22544097900390625 -12.369099617004394531 -13.45165252685546875 -13.715703010559082031
 -9.0629100799560546875 -9.9896373748779296875 -9.9335765838623046875 -8.724773406982421875 -8.4863138198852539063 -7.4060764312744140625 -4.3349790573120117188 -2.9803423881530761719 -2.0346999168395996094 -0.51435095071792602539 -0.49412810802459716797 -2.0769405364990234375 -3.9407150745391845703 -6.0673747062683105469 -10.2506561279296875 -12.210493087768554688 -12.447292327880859375 -12.669977188110351563
 -8.2578592300415039063 -8.810943603515625 -8.9867095947265625 -7.3138804435729980469 -7.2749047279357910156 -6.7958049774169921875 -4.9080061912536621094 -2.5174460411071777344 -1.1302524805068969727 0.63412117958068847656 0.73398685455322265625 -1.8525124788284301758 -3.5458338260650634766 -5.7713937759399414063 -10.311575889587402344 -11.584294319152832031 -11.639203071594238281 -11.769756317138671875
 -7.2535920143127441406 -7.7133708000183105469 -8.1087970733642578125 -5.8664073944091796875 -5.4754958152770996094 -5.3589072227478027344 -4.6039767265319824219 -1.7370868921279907227 0.34364673495292663574 0.98153269290924072266 1.1022431850433349609 -1.5081785917282104492 -3.10988616943359375 -6.2921199798583984375 -9.808544158935546875 -10.780665397644042969 -10.768774986267089844 -10.848748207092285156
 -5.9480109214782714844 -6.2152533531188964844 -6.5481753349304199219 -4.6576333045959472656 -4.2037563323974609375 -3.9728662967681884766 -2.9230248928070068359 -0.20920875668525695801 1.7220443487167358398 1.9175206422805786133 0.51883244514465332031 -1.2234400510787963867 -1.4670085906982421875 -6.1038346290588378906 -9.0510034561157226563 -9.8943614959716796875 -10.144192695617675781 -10.025445938110351563
 -4.4722952842712402344 -4.2940664291381835938 -3.3919832706451416016 -2.5667815208435058594 -2.5424230098724365234 -2.0713939666748046875 -0.66195225715637207031 0.61845910549163818359 1.5089025497436523438 2.1003711223602294922 0.5089015960693359375 -1.6073073148727416992 -1.552187800407409668 -5.5224528312683105469 -7.6165537834167480469 -8.56891632080078125 -8.9401226043701171875 -8.878040313720703125
 -3.4123637676239013672 -2.1555986404418945313 -1.192519068717956543 -0.95295000076293945313 -1.1053942441940307617 -0.83899295330047607422 1.295109868049621582 2.2030706405639648438 2.6830985546112060547 3.1986801624298095703 0.51066839694976806641 -0.55737125873565673828 -1.6402624845504760742 -5.1798415184020996094 -6.4874024391174316406 -7.2948527336120605469 -7.70831298828125 -7.5797939300537109375
 -2.6657576560974121094 -0.60081255435943603516 0.38374629616737365723 1.2667744159698486328 0.95550751686096191406 1.0738523006439208984 3.4548532962799072266 4.0156612396240234375 4.2041926383972167969 4.27616119384765625 0.84649705886840820313 0.56801784038543701172 -2.1515417098999023438 -4.7471146583557128906 -5.6821703910827636719 -6.1836142539978027344 -6.27079010009765625 -6.3012981414794921875
 -1.85181427001953125 -0.41311594843864440918 1.8297384977340698242 3.2385184764862060547 2.8129260540008544922 3.2431194782257080078 5.3425741195678710938 5.8067593574523925781 4.6221442222595214844 3.4950096607208251953 1.3760008811950683594 0.95737469196319580078 -2.6219432353973388672 -3.6592645645141601563 -3.984394073486328125 -4.6562113761901855469 -5.047145843505859375 -5.2207479476928710938
 -1.151583552360534668 -1.2023946046829223633 2.0337228775024414063 3.4524304866790771484 3.4702053070068359375 4.6595368385314941406 6.0355296134948730469 6.6930985450744628906 5.9023480415344238281 3.7356884479522705078 2.543701171875 1.4848741292953491211 -1.2949100732803344727 -2.2428240776062011719 -3.0105369091033935547 -3.7357494831085205078 -4.4480500221252441406 -4.4324622154235839844
 -0.11859455704689025879 -0.31804645061492919922 2.7320122718811035156 4.1315102577209472656 4.720958709716796875 6.1976256370544433594 6.8577971458435058594 7.4109778404235839844 7.0020394325256347656 5.5780010223388671875 4.6883320808410644531 2.5095369815826416016 0.072663456201553344727 -1.0862362384796142578 -1.983562469482421875 -2.7727839946746826172 -3.0308251380920410156 -2.6681485176086425781
 0.95371162891387939453 0.25499054789543151855 3.3682687282562255859 5.3553857803344726563 7.401157379150390625 7.950931549072265625 7.866779327392578125 8.213623046875 6.9147806167602539063 7.3117957115173339844 5.07769775390625 2.5448904037475585938 0.64291679859161376953 -0.27228528261184692383 -1.0123031139373779297 -1.23226165771484375 -1.7722059488296508789 -1.6158633232116699219
 1.9845596551895141602 1.1043729782104492188 2.5636501312255859375 6.2387442588806152344 8.0871944427490234375 8.145732879638671875 8.2828969955444335938 8.5508518218994140625 7.3149867057800292969 6.0195684432983398438 5.7969422340393066406 2.8198335170745849609 1.4044862985610961914 0.81646323204040527344 0.4239012300968170166 0.071854054927825927734 -0.34028470516204833984 -0.31493902206420898438
 3.1429011821746826172 2.6376309394836425781 3.0290155410766601563 6.2921457290649414063 8.0870466232299804688 8.4403676986694335938 8.5694112777709960938 9.7484235763549804688 7.2655010223388671875 6.8267893791198730469 5.2687540054321289063 3.3016326427459716797 2.45664215087890625 1.7479268312454223633 1.4705784320831298828 1.1708852052688598633 0.89670431613922119141 0.95150339603424072266
 4.2293238639831542969 3.9519469738006591797 4.0456957817077636719 5.3249192237854003906 7.6362476348876953125 8.6909923553466796875 8.9261217117309570313 9.734989166259765625 8.5917510986328125 7.2346515655517578125 5.1247735023498535156 3.9756290912628173828 3.3127713203430175781 2.7611513137817382813 2.4228923320770263672 2.0799639225006103516 1.7745047807693481445 1.6193791627883911133
 5.3242640495300292969 5.050724029541015625 5.9272294044494628906 6.1425051689147949219 6.9345622062683105469 8.7500219345092773438 9.7465496063232421875 8.7746458053588867188 7.7368488311767578125 7.2962021827697753906 6.44812774658203125 5.29209136962890625 4.4095249176025390625 4.0386676788330078125 3.4482710361480712891 3.0530180931091308594 2.7341685295104980469 2.4386284351348876953
 6.5962200164794921875 6.0736355781555175781 6.2027587890625 5.920867919921875 6.6914453506469726563 8.642559051513671875 9.0723733901977539063 8.9689397811889648438 8.6899919509887695313 8.1495256423950195313 7.8689603805541992188 6.7842478752136230469 5.7389683723449707031 5.3097019195556640625 4.5653047561645507813 4.1911344528198242188 3.7683508396148681641 3.4586248397827148438
